255 255 255 255 255 255 255 255 255 255 255 255 255 255 255 255
255 255 255 255 255 255 255 255 255 255 255 255 255 255 255 255
255 255   0   0   0   0   0   0   0   0   0   0   0   0 255 255
255 255   0 255 255 255 255 255 255 255 255 255 255   0 255 255
255 255   0 255 255 255 255 255 255 255 255 255 255   0 255 255
255 255   0 255 255 255 255 255 255 255 255 255 255   0 255 255
255 255   0 255 112 255   0   0   0   0   0   0 255   0 255 255
255 255   0 255 255   0 240   0   0   0 161   0 255   0 255 255
255 255   0 255 255 255   0 255 233 255 255   0 255   0 255 255
255 255   0 255 255 255 183 255 133 178 178 255 255   0 255 255
255 255   0 255 255 255   0 255 255 255 255   0 255   0 255 255
255 255   0 255 255 255 255 255 255 255 255 255 255   0 255 255
255 255   0 255 255 255 255 255 255 255 255 255 255   0 255 255
255 255   0   0   0   0   0   0   0   0   0   0   0   0 255 255
255 255 255 255 255 255 255 255 255 255 255 255 255 255 255 255
255 255 255 255 255 255 255 255 255 255 255 255 255 255 255 255
255 255 255 255 255 255 255 255 255 255 255 255 255 255 255 255
255 255 255 255 255 255 255 255 255 255 255 255 255 255 255 255
255 255   0   0   0   0   0   0   0   0   0   0   0   0 255 255
255 255   0 255 255 255 255 255 255 255 255 255 255   0 255 255
255 255   0 255 255 255 255 255 255 255 255 255 255   0 255 255
255 255   0 255 255 255 255 255 255 255 255 255 255   0 255 255
255 255   0 255 112 255   0   0   0   0   0   0 255   0 255 255
255 255   0 255 255   0 240   0   0   0 161   0 255   0 255 255
255 255   0 255 255 255   0 255 233 255 255   0 255   0 255 255
255 255   0 255 255 255 183 255 133 178 178 255 255   0 255 255
255 255   0 255 255 255   0 255 255 255 255   0 255   0 255 255
255 255   0 255 255 255 255 255 255 255 255 255 255   0 255 255
255 255   0 255 255 255 255 255 255 255 255 255 255   0 255 255
255 255   0   0   0   0   0   0   0   0   0   0   0   0 255 255
255 255 255 255 255 255 255 255 255 255 255 255 255 255 255 255
255 255 255 255 255 255 255 255 255 255 255 255 255 255 255 255
255 255 255 255 255 255 255 255 255 255 255 255 255 255 255 255
255 255 255 255 255 255 255 255 255 255 255 255 255 255 255 255
255 255   0   0   0   0   0   0   0   0   0   0   0   0 255 255
255 255   0 255 255 255 255 255 255 255 255 255 255   0 255 255
255 255   0 255 255 255 255 255 255 255 255 255 255   0 255 255
255 255   0 255 255 255 255 255 255 255 255 255 255   0 255 255
255 255   0 255 112 255   0   0   0   0   0   0 255   0 255 255
255 255   0 255 255   0 240   0   0   0 161   0 255   0 255 255
255 255   0 255 255 255   0 255 233 255 255   0 255   0 255 255
255 255   0 255 255 255 183 255 133 178 178 255 255   0 255 255
255 255   0 255 255 255   0 255 255 255 255   0 255   0 255 255
255 255   0 255 255 255 255 255 255 255 255 255 255   0 255 255
255 255   0 255 255 255 255 255 255 255 255 255 255   0 255 255
255 255   0   0   0   0   0   0   0   0   0   0   0   0 255 255
255 255 255 255 255 255 255 255 255 255 255 255 255 255 255 255
255 255 255 255 255 255 255 255 255 255 255 255 255 255 255 255

255 255 255 255 255 255 255 255 255 255 255 255 255 255 255 255
255 255 255 255 255 255 255 255 255 255 255 255 255 255 255 255
255 255   0   0   0   0   0   0   0   0   0   0   0   0 255 255
255 255   0 255 255 255 255 255 255 255 255 255 255   0 255 255
255 255   0 255 255 255   0   0   0 255   0 255 255   0 255 255
255 255   0 255 255 255   0 161 255 178 255 255 255   0 255 255
255 255   0 255 255 255   0   0 255 178 255 255 255   0 255 255
255 255   0 255 255 255   0   0 233 133 255 255 255   0 255 255
255 255   0 255 255 255   0   0 255 255 255 255 255   0 255 255
255 255   0 255 255 255   0 240   0 183   0 255 255   0 255 255
255 255   0 255 255 255 255   0 255 255 255 255 255   0 255 255
255 255   0 255 255 255 112 255 255 255 255 255 255   0 255 255
255 255   0 255 255 255 255 255 255 255 255 255 255   0 255 255
255 255   0   0   0   0   0   0   0   0   0   0   0   0 255 255
255 255 255 255 255 255 255 255 255 255 255 255 255 255 255 255
255 255 255 255 255 255 255 255 255 255 255 255 255 255 255 255
255 255 255 255 255 255 255 255 255 255 255 255 255 255 255 255
255 255 255 255 255 255 255 255 255 255 255 255 255 255 255 255
255 255   0   0   0   0   0   0   0   0   0   0   0   0 255 255
255 255   0 255 255 255 255 255 255 255 255 255 255   0 255 255
255 255   0 255 255 255   0   0   0 255   0 255 255   0 255 255
255 255   0 255 255 255   0 161 255 178 255 255 255   0 255 255
255 255   0 255 255 255   0   0 255 178 255 255 255   0 255 255
255 255   0 255 255 255   0   0 233 133 255 255 255   0 255 255
255 255   0 255 255 255   0   0 255 255 255 255 255   0 255 255
255 255   0 255 255 255   0 240   0 183   0 255 255   0 255 255
255 255   0 255 255 255 255   0 255 255 255 255 255   0 255 255
255 255   0 255 255 255 112 255 255 255 255 255 255   0 255 255
255 255   0 255 255 255 255 255 255 255 255 255 255   0 255 255
255 255   0   0   0   0   0   0   0   0   0   0   0   0 255 255
255 255 255 255 255 255 255 255 255 255 255 255 255 255 255 255
255 255 255 255 255 255 255 255 255 255 255 255 255 255 255 255
255 255 255 255 255 255 255 255 255 255 255 255 255 255 255 255
255 255 255 255 255 255 255 255 255 255 255 255 255 255 255 255
255 255   0   0   0   0   0   0   0   0   0   0   0   0 255 255
255 255   0 255 255 255 255 255 255 255 255 255 255   0 255 255
255 255   0 255 255 255   0   0   0 255   0 255 255   0 255 255
255 255   0 255 255 255   0 161 255 178 255 255 255   0 255 255
255 255   0 255 255 255   0   0 255 178 255 255 255   0 255 255
255 255   0 255 255 255   0   0 233 133 255 255 255   0 255 255
255 255   0 255 255 255   0   0 255 255 255 255 255   0 255 255
255 255   0 255 255 255   0 240   0 183   0 255 255   0 255 255
255 255   0 255 255 255 255   0 255 255 255 255 255   0 255 255
255 255   0 255 255 255 112 255 255 255 255 255 255   0 255 255
255 255   0 255 255 255 255 255 255 255 255 255 255   0 255 255
255 255   0   0   0   0   0   0   0   0   0   0   0   0 255 255
255 255 255 255 255 255 255 255 255 255 255 255 255 255 255 255
255 255 255 255 255 255 255 255 255 255 255 255 255 255 255 255

255 255 255 255 255 255 255 255 255 255 255 255 255 255 255 255
255 214 153 153 153 153 153 153 153 153 153 153 153 153 214 255
255 153   3  31  31  31  31  31  31  31  31  31  31   3 153 255
255 153  31 255 255 255 255 255 255 255 255 255 255  31 153 255
255 153  31 255 255 255 255 255 255 255 255 255 255  31 153 255
255 153  31 255 132 220 255 255 213 135 255 255 255  31 153 255
255 153  31 255 200 189 202 202 157 154 255 255 255  31 153 255
255 153  31 255 151 210 195 143 229 115 234 255 255  31 153 255
255 153  31 255  52 144 117   0 121 200 120 186 255  31 153 255
255 153  31 255 118  33  97  24  84  72 137  81 246  31 153 255
255 153  31 255 255 255 255 255 206 119 130 130 225  31 153 255
255 153  31 255 255 255 255 255 255 255 255 255 255  31 153 255
255 153  31 255 255 255 255 255 255 255 255 255 255  31 153 255
255 153   3  31  31  31  31  31  31  31  31  31  31   3 153 255
255 214 153 153 153 153 153 153 153 153 153 153 153 153 214 255
255 255 255 255 255 255 255 255 255 255 255 255 255 255 255 255
255 255 255 255 255 255 255 255 255 255 255 255 255 255 255 255
255 214 153 153 153 153 153 153 153 153 153 153 153 153 214 255
255 153   3  31  31  31  31  31  31  31  31  31  31   3 153 255
255 153  31 255 255 255 255 255 255 255 255 255 255  31 153 255
255 153  31 255 255 255 255 255 255 255 255 255 255  31 153 255
255 153  31 255 132 220 255 255 213 135 255 255 255  31 153 255
255 153  31 255 200 189 202 202 157 154 255 255 255  31 153 255
255 153  31 255 151 210 195 143 229 115 234 255 255  31 153 255
255 153  31 255  52 144 117   0 121 200 120 186 255  31 153 255
255 153  31 255 118  33  97  24  84  72 137  81 246  31 153 255
255 153  31 255 255 255 255 255 206 119 130 130 225  31 153 255
255 153  31 255 255 255 255 255 255 255 255 255 255  31 153 255
255 153  31 255 255 255 255 255 255 255 255 255 255  31 153 255
255 153   3  31  31  31  31  31  31  31  31  31  31   3 153 255
255 214 153 153 153 153 153 153 153 153 153 153 153 153 214 255
255 255 255 255 255 255 255 255 255 255 255 255 255 255 255 255
255 255 255 255 255 255 255 255 255 255 255 255 255 255 255 255
255 214 153 153 153 153 153 153 153 153 153 153 153 153 214 255
255 153   3  31  31  31  31  31  31  31  31  31  31   3 153 255
255 153  31 255 255 255 255 255 255 255 255 255 255  31 153 255
255 153  31 255 255 255 255 255 255 255 255 255 255  31 153 255
255 153  31 255 132 220 255 255 213 135 255 255 255  31 153 255
255 153  31 255 200 189 202 202 157 154 255 255 255  31 153 255
255 153  31 255 151 210 195 143 229 115 234 255 255  31 153 255
255 153  31 255  52 144 117   0 121 200 120 186 255  31 153 255
255 153  31 255 118  33  97  24  84  72 137  81 246  31 153 255
255 153  31 255 255 255 255 255 206 119 130 130 225  31 153 255
255 153  31 255 255 255 255 255 255 255 255 255 255  31 153 255
255 153  31 255 255 255 255 255 255 255 255 255 255  31 153 255
255 153   3  31  31  31  31  31  31  31  31  31  31   3 153 255
255 214 153 153 153 153 153 153 153 153 153 153 153 153 214 255
255 255 255 255 255 255 255 255 255 255 255 255 255 255 255 255

255 255 255 255 255 255 255 255 255 255 255 255 255 255 255 255
255 214 153 153 153 153 153 153 153 153 153 153 153 153 214 255
255 153   3  31  31  31  31  31  31  31  31  31  31   3 153 255
255 153  31 255 255 255 255 255 255 246 225 255 255  31 153 255
255 153  31 255 255 255 255 255 186  81 130 255 255  31 153 255
255 153  31 255 255 255 255 234 120 137 130 255 255  31 153 255
255 153  31 255 255 135 154 115 200  72 119 255 255  31 153 255
255 153  31 255 255 213 157 229 121  84 206 255 255  31 153 255
255 153  31 255 255 255 202 143   0  24 255 255 255  31 153 255
255 153  31 255 255 255 202 195 117  97 255 255 255  31 153 255
255 153  31 255 255 220 189 210 144  33 255 255 255  31 153 255
255 153  31 255 255 132 200 151  52 118 255 255 255  31 153 255
255 153  31 255 255 255 255 255 255 255 255 255 255  31 153 255
255 153   3  31  31  31  31  31  31  31  31  31  31   3 153 255
255 214 153 153 153 153 153 153 153 153 153 153 153 153 214 255
255 255 255 255 255 255 255 255 255 255 255 255 255 255 255 255
255 255 255 255 255 255 255 255 255 255 255 255 255 255 255 255
255 214 153 153 153 153 153 153 153 153 153 153 153 153 214 255
255 153   3  31  31  31  31  31  31  31  31  31  31   3 153 255
255 153  31 255 255 255 255 255 255 246 225 255 255  31 153 255
255 153  31 255 255 255 255 255 186  81 130 255 255  31 153 255
255 153  31 255 255 255 255 234 120 137 130 255 255  31 153 255
255 153  31 255 255 135 154 115 200  72 119 255 255  31 153 255
255 153  31 255 255 213 157 229 121  84 206 255 255  31 153 255
255 153  31 255 255 255 202 143   0  24 255 255 255  31 153 255
255 153  31 255 255 255 202 195 117  97 255 255 255  31 153 255
255 153  31 255 255 220 189 210 144  33 255 255 255  31 153 255
255 153  31 255 255 132 200 151  52 118 255 255 255  31 153 255
255 153  31 255 255 255 255 255 255 255 255 255 255  31 153 255
255 153   3  31  31  31  31  31  31  31  31  31  31   3 153 255
255 214 153 153 153 153 153 153 153 153 153 153 153 153 214 255
255 255 255 255 255 255 255 255 255 255 255 255 255 255 255 255
255 255 255 255 255 255 255 255 255 255 255 255 255 255 255 255
255 214 153 153 153 153 153 153 153 153 153 153 153 153 214 255
255 153   3  31  31  31  31  31  31  31  31  31  31   3 153 255
255 153  31 255 255 255 255 255 255 246 225 255 255  31 153 255
255 153  31 255 255 255 255 255 186  81 130 255 255  31 153 255
255 153  31 255 255 255 255 234 120 137 130 255 255  31 153 255
255 153  31 255 255 135 154 115 200  72 119 255 255  31 153 255
255 153  31 255 255 213 157 229 121  84 206 255 255  31 153 255
255 153  31 255 255 255 202 143   0  24 255 255 255  31 153 255
255 153  31 255 255 255 202 195 117  97 255 255 255  31 153 255
255 153  31 255 255 220 189 210 144  33 255 255 255  31 153 255
255 153  31 255 255 132 200 151  52 118 255 255 255  31 153 255
255 153  31 255 255 255 255 255 255 255 255 255 255  31 153 255
255 153   3  31  31  31  31  31  31  31  31  31  31   3 153 255
255 214 153 153 153 153 153 153 153 153 153 153 153 153 214 255
255 255 255 255 255 255 255 255 255 255 255 255 255 255 255 255
